//Quadrat Zahl Binärcode
01001010010011
01000100000000000000000000000101011
000000000000000000000001001000000000000000000000001001011
00000000000000000000000100010001010011
00010001000100010011
0001001000010001011
000010001000010001011
0000101000000000000000000000000000101011
00000000000000000000000000010010000000000000000000000000001001011
000000000000000000000000000100010000010010011
0000010010000010010011
000001010001010011
00010100000010001011
0000001000100000010001011
0000001010000000101011
0000000100100000001001011
000000010001000000001010011
000000001000100000000100010011
00000000100100000000010001011
0000000001000100000000010001011
0000000001010000000000000000000000000101011
0000000000000000000000000100100000000000000000000000001001011
000000000000000000000000010001000000000010010011
00000000001001000000000010010011
0000000000101000000001010011
0000000010100000000000101011
00000000000100010000000000010001011
00000000000101000000000000101011
00000000000010010000000000001001011
0000000000001000100000000000001010011
00000000000001001000000000000010010011
000000000000010100000000000000101011
00000000000000100010000000000000010001011
000000000000001001000000000000000100010011
00000000000000010001000000000000000100010011
00000000000000010100000000000000001010011
000000000000000010001000000000000000010010011
000000000000000010100000000000000000101011
00000000000000000100010000000000000000010001011
000000000000000001001000000000000000000100010011
00000000000000000010001000000000000000000100010011
00000000000000000010100000000000000000001010011
00000000000000000001001000000000000000000010010011
000000000000000000010001000000000000000000001001011
000000000000000000001001000000000000000000001001011
0000000000000000000010100000000000000000101011
0000000000000000010100000000000000101011
00000000000000101000000000000000000000100010011
00000000000000000000010001000000000000000000000100010011
0000000000000000000001010000000000000000000000100010011
0000000000000000000000100010000000000000000000000100010011
0000000000000000000000101001000100